image: 2018_03_02_11_30.pgm
resolution: 0.100000
origin: [-17.800000, -18.600000, 0.000000]
negate: 0
occupied_thresh: 0.65
free_thresh: 0.196

